0,278
33,0
0,501
50,5
50,4
50,3
50,2
0,9
50,1
50,0
0,500
45,2
31,2
34,2
33,2
33,4
0,499
0,498
0,497
38,5
38,4
0,496
0,495
0,494
0,493
0,492
0,491
0,490
0,489
0,488
0,487
0,486
0,485
0,472
49,52
49,51
49,50
49,49
49,48
49,47
49,46
49,45
49,44
49,43
49,42
49,41
49,40
49,39
49,38
49,37
49,36
49,35
3,2
10,208
10,216
10,302
10,4
10,294
10,152
10,266
10,2
10,3
11,15
9,6
9,4
9,2
9,3
8,9
8,11
8,16
8,7
8,2
8,3
47,5
47,4
47,3
47,2
47,1
45,3
45,1
38,3
38,1
34,3
34,1
33,3
33,1
31,3
31,1
29,4
29,3
29,2
29,1
29,0
28,3
28,2
28,1
28,0
20,3
20,2
20,1
19,3
19,2
19,1
12,3
12,2
12,1
11,30
11,29
11,28
11,27
11,26
11,25
